	Datum	Flaeche	Lokalitaet	Plot	Jdatum	TDRHandroh	TDRHand	DDSUMLuft	WG.residuen	WG.mod	WG.min10
20	29.03.2008	2	2_Facinas	2A	39536	834	0.37	23.3	-18.33	0.29	0.29
21	29.03.2008	2	2_Facinas	2B	39536	859	0.38	23.3	20.57	0.29	0.29
23	01.04.2008	2	2_Facinas	2C	39539	615	0.25	41.1	-9.07	0.28	0.28
27	09.04.2008	1	1_Facinas	1A	39547	887	0.4	91.6	32.57	0.31	0.28
28	09.04.2008	1	1_Facinas	1B	39547	731	0.31	91.6	-123.43	0.3	0.27
29	10.04.2008	1	1_Facinas	1C	39548	867	0.39	98.1	16.83	0.34	0.34
30	10.04.2008	1	1_Facinas	1D	39548	823	0.36	98.1	-27.17	0.29	0.29
32	14.04.2008	2	2_Facinas	2A	39552	862	0.39	123.2	6.23	0.29	0.29
33	14.04.2008	2	2_Facinas	2B	39552	842	0.37	123.2	14.03	0.29	0.29
34	15.04.2008	2	2_Facinas	2C	39553	806	0.35	129.7	-35.83	0.28	0.28
39	20.04.2008	1	1_Facinas	1A	39558	960	0.46	154.4	12.5	0.35	0.41
43	22.04.2008	3	3_CerroQuemado	3D	39560	886	0.4	168.1	13	0.45	0.40
45	24.04.2008	2	2_Facinas	2B	39562	785	0.34	182.9	17.67	0.29	0.29
46	25.04.2008	2	2_Facinas	2C	39563	837	0.37	191.8	-64.53	0.28	0.28
47	25.04.2008	2	2_Facinas	2D	39563	794	0.34	191.8	-274.13	0.28	0.28
48	26.04.2008	3	3_CerroQuemado	3A	39564	908	0.42	206.1	103.77	0.39	0.35
49	26.04.2008	3	3_CerroQuemado	3B	39564	901	0.41	206.1	96.77	0.39	0.35
50	28.04.2008	3	3_CerroQuemado	3C	39566	834	0.37	225	61.3	0.27	0.31
51	28.04.2008	3	3_CerroQuemado	3D	39566	878	0.4	225	105.3	0.36	0.40
52	29.04.2008	1	1_Facinas	1A	39567	596	0.24	225.2	-169.97	0.26	0.24
53	29.04.2008	1	1_Facinas	1B	39567	780	0.33	225.2	14.03	0.25	0.33
54	30.04.2008	1	1_Facinas	1C	39568	797	0.34	231.2	47.5	0.29	0.34
55	30.04.2008	1	1_Facinas	1D	39568	735	0.31	231.2	-14.5	0.25	0.31
56	03.05.2008	2	2_Facinas	2A	39571	682	0.28	262.6	33.23	0.25	0.25
57	04.05.2008	2	2_Facinas	2B	39572	571	0.23	271.7	40.23	0.24	0.24
58	05.05.2008	2	2_Facinas	2C	39573	417	0.16	282.2	-68.77	0.24	0.24
59	05.05.2008	2	2_Facinas	2D	39573	495	0.2	282.2	-424.67	0.24	0.24
60	06.05.2008	3	3_CerroQuemado	3B	39574	837	0.37	291	160	0.31	0.37
61	08.05.2008	3	3_CerroQuemado	3C	39576	647	0.26	309.5	12.97	0.22	0.26
62	08.05.2008	3	3_CerroQuemado	3D	39576	801	0.35	309.5	166.97	0.28	0.35
63	09.05.2008	1	1_Facinas	1A	39577	218	0.07	300.8	-416.57	0.2	0.07
64	09.05.2008	1	1_Facinas	1B	39577	259	0.09	300.8	-375.57	0.19	0.09
65	10.05.2008	1	1_Facinas	1C	39578	385	0.15	305.9	-224.93	0.21	0.15
66	10.05.2008	1	1_Facinas	1D	39578	311	0.12	305.9	-298.93	0.19	0.12
67	13.05.2008	2	2_Facinas	2A	39581	315	0.12	349.8	-1.83	0.17	0.17
68	13.05.2008	2	2_Facinas	2B	39581	379	0.15	349.8	69.57	0.17	0.17
69	14.05.2008	2	2_Facinas	2C	39582	375	0.14	357.3	-68.07	0.15	0.15
70	14.05.2008	2	2_Facinas	2D	39582	275	0.1	357.3	-332.97	0.15	0.15
71	15.05.2008	3	3_CerroQuemado	3A	39583	773	0.33	358.9	306.73	0.2	0.33
72	15.05.2008	3	3_CerroQuemado	3B	39583	682	0.28	358.9	215.73	0.2	0.28
73	17.05.2008	3	3_CerroQuemado	3C	39585	344	0.13	374	-74.03	0.13	0.13
74	17.05.2008	3	3_CerroQuemado	3D	39585	602	0.24	374	183.97	0.16	0.24
75	18.05.2008	1	1_Facinas	1A	39586	177	0.05	355.9	-174.13	0.08	0.05
76	18.05.2008	1	1_Facinas	1B	39586	302	0.11	355.9	-151.13	0.09	0.09
77	20.05.2008	1	1_Facinas	1C	39588	405	0.16	369.9	-117.57	0.18	0.15
78	20.05.2008	1	1_Facinas	1D	39588	385	0.15	369.9	-137.57	0.16	0.12
79	23.05.2008	2	2_Facinas	2A	39591	244	0.09	429.1	18.7	0.1	0.10
81	23.05.2008	2	2_Facinas	2B	39591	294	0.11	429.1	21.3	0.1	0.10
82	24.05.2008	2	2_Facinas	2C	39592	309	0.12	439	-16.93	0.13	0.13
83	24.05.2008	2	2_Facinas	2D	39592	248	0.09	439	-190.73	0.13	0.13
84	25.05.2008	3	3_CerroQuemado	3A	39593	773	0.33	435.8	190	0.26	0.33
85	25.05.2008	3	3_CerroQuemado	3B	39593	650	0.26	435.8	67	0.26	0.26
86	27.05.2008	3	3_CerroQuemado	3C	39595	451	0.18	448.7	-34.3	0.16	0.14
87	27.05.2008	3	3_CerroQuemado	3D	39595	634	0.26	448.7	148.7	0.2	0.24
88	28.05.2008	1	1_Facinas	1A	39596	495	0.2	434.7	43.77	0.12	0.07
89	28.05.2008	1	1_Facinas	1B	39596	472	0.19	434.7	20.77	0.12	0.12
90	29.05.2008	1	1_Facinas	1C	39597	317	0.12	443.2	-93.03	0.13	0.12
91	29.05.2008	1	1_Facinas	1D	39597	421	0.16	443.2	10.97	0.12	0.15
92	02.06.2008	2	2_Facinas	2A	39601	313	0.12	506.3	58.5	0.11	0.11
93	02.06.2008	2	2_Facinas	2B	39601	252	0.09	506.3	-7	0.11	0.11
94	03.06.2008	2	2_Facinas	2C	39602	284	0.1	515.6	-55.93	0.09	0.09
95	03.06.2008	2	2_Facinas	2D	39602	276	0.1	515.6	-121.93	0.09	0.09
96	04.06.2008	3	3_CerroQuemado	3A	39603	394	0.15	522.4	69.83	0.14	0.15
97	05.06.2008	3	3_CerroQuemado	3B	39604	629	0.25	531.9	329.9	0.13	0.25
98	06.06.2008	3	3_CerroQuemado	3C	39605	221	0.07	542.4	-61.67	0.09	0.07
99	06.06.2008	3	3_CerroQuemado	3D	39605	371	0.14	542.4	88.33	0.1	0.14
100	07.06.2008	1	1_Facinas	1A	39606	157	0.04	523.8	-103.57	0.04	0.04
101	07.06.2008	1	1_Facinas	1B	39606	182	0.05	523.8	-78.57	0.04	0.05
102	08.06.2008	1	1_Facinas	1C	39607	198	0.06	535.8	-47.9	0.05	0.06
103	08.06.2008	1	1_Facinas	1D	39607	221	0.07	535.8	-24.9	0.04	0.07
104	12.06.2008	2	2_Facinas	2A	39611	165	0.04	618.6	6.17	0.03	0.02
105	12.06.2008	2	2_Facinas	2B	39611	141	0.03	618.6	33.27	0.03	0.02
106	13.06.2008	2	2_Facinas	2C	39612	160	0.04	630.7	-37.47	0.02	0.02
107	14.06.2008	2	2_Facinas	2D	39613	132	0.03	645.6	-62.87	0.02	0.01
108	14.06.2008	3	3_CerroQuemado	3A	39613	170	0.05	635.1	-31.7	0.08	0.05
109	14.06.2008	3	3_CerroQuemado	3B	39613	302	0.11	635.1	100.3	0.08	0.11
110	16.06.2008	3	3_CerroQuemado	3C	39615	207	0.07	663.8	15.2	0.05	0.07
111	16.06.2008	3	3_CerroQuemado	3D	39615	164	0.04	663.8	-27.8	0.06	0.04
112	17.06.2008	1	1_Facinas	1A	39616	184	0.05	645.4	-9.67	0	0.04
113	17.06.2008	1	1_Facinas	1B	39616	163	0.04	645.4	-30.67	0.01	0.04
114	18.06.2008	1	1_Facinas	1C	39617	151	0.04	658.7	-41.53	0.02	0.04
115	18.06.2008	1	1_Facinas	1D	39617	164	0.04	658.7	-28.53	0.01	0.04
116	06.05.2008	3	3_CerroQuemado	3A	39574	859	0.38	291	182	0.31	0.38
117	30.03.2008	3	3_CerroQuemado	3A	39537	880	0.4	35.9	49.43	0.41	0.41
118	02.04.2008	2	2_Facinas	2D	39540	777	0.33	48.5	3.83	0.27	0.27
119	06.04.2008	3	3_CerroQuemado	3B	39544	596	0.24	82.2	-172.03	0.37	0.37
120	11.04.2008	3	3_CerroQuemado	3D	39549	884	0.4	106.4	19.37	0.44	0.44
121	15.04.2008	2	2_Facinas	2D	39553	590	0.24	129.7	-300.73	0.28	0.28
122	16.04.2008	3	3_CerroQuemado	3A	39554	801	0.35	130.7	-26.4	0.41	0.35
123	16.04.2008	3	3_CerroQuemado	3B	39554	804	0.35	130.7	-23.4	0.41	0.25
124	17.04.2008	3	3_CerroQuemado	3C	39555	708	0.29	138	-117.5	0.3	0.19
125	21.04.2008	1	1_Facinas	1B	39559	872	0.39	158.5	-42.5	0.32	0.33
126	21.04.2008	1	1_Facinas	1C	39559	914	0.42	158.5	-0.5	0.4	0.40
127	22.04.2008	1	1_Facinas	1D	39560	852	0.38	163.1	-24.37	0.31	0.36
128	24.04.2008	2	2_Facinas	2A	39562	814	0.35	182.9	7.97	0.29	0.29
129	04.04.2008	3	3_CerroQuemado	3C	39542	374	0.14	71.4	-388.27	0.27	0.27
