	Isoehist	Ophilusi	Ranupalu	Illevert	Rumebuce	Tubegutt	Fumaeric	Ericscop	Astelinu	Anagcras	Anagarve	Crastill	Sangmino	Aphamicr	Lotuparv	Ornicomp	Ornipinn	Scorverm	Trifcamp	Trifcher	Trifangu	Genitrid	Lythhyso	Myrtcomm	Euphexig	Linubien	Radilino	Cicefili	Exacpusi	Centmari	Echiplan	Stacarve	Lavastoe	Plancoro	Planserr	Planbell	Pinglusi	Solelaur	Galipari	Bellannu	Bellsylv	Puliodor	Logfgall	Evaxpygm	Chammixt	Hyporadi	Tolpbarb	Junctena	Junchybr	Junccapi	Juncbulb	Scirpseu	Eleomult	Careflac	Vulpmyur	Brizmaxi	Brizmino	Gaudfrag	Airacary	Gastvent	Anthovat	Bracdist	Asphaest	Urgimari	Romubulb	Seraparv	Allirose	Ornibrot	Linutenu	Scabatro	Scanpect	Trifglom	Eryndila
20	0	0	0	2	0	5	0	0	0	0	60	0	0	0	2	0	2	8	7	0	0	0	0	0	7	4	71	1	0	0	0	0	0	0	0	0	0	20	13	1	0	0	3	26	0	5	21	0	3	2	0	9	0	12	0	0	0	0	34	0	22	0	2	0	12	71	0	0	0	0	0	0	0
21	31	0	1	5	0	2	0	0	0	0	60	0	0	0	2	1	0	0	21	0	0	0	0	0	12	2	160	6	0	0	0	0	0	0	0	64	0	21	3	0	1	0	14	32	0	2	20	0	36	3	0	7	0	0	0	16	0	0	183	0	0	0	1	0	21	0	3	9	0	0	0	0	0
23	14	0	1	4	0	41	0	19	0	1	41	0	0	2	1	0	3	0	7	0	0	0	1	1	27	4	64	14	0	0	0	0	0	2	0	1	0	20	12	0	2	0	32	69	2	0	36	0	6	7	0	36	0	3	0	0	15	0	39	0	0	0	1	0	25	0	2	1	0	0	0	0	0
27	5	0	11	0	0	32	1	0	0	0	4	0	0	0	5	0	6	2	52	0	1	0	6	0	32	2	9	6	0	1	0	0	1	0	5	52	0	2	2	0	0	0	54	18	2	11	22	0	24	3	0	0	0	0	25	15	1	0	15	0	0	0	2	0	14	0	0	2	0	0	0	0	0
28	47	13	33	0	0	5	0	0	0	0	16	0	0	0	0	0	0	0	7	0	0	0	2	0	24	4	71	50	0	0	0	0	0	0	0	1	0	0	0	0	0	3	6	36	0	12	33	0	7	22	0	21	0	0	0	0	0	0	10	4	1	0	1	0	10	0	0	7	0	0	0	0	0
29	14	0	90	0	0	0	0	0	0	0	64	0	0	1	21	0	13	0	6	0	0	0	5	0	33	2	22	6	0	3	0	3	0	3	0	2	0	2	2	0	0	0	35	25	26	18	74	0	14	16	0	14	0	0	4	0	0	0	44	0	4	0	0	0	21	1	0	6	0	0	1	0	0
30	21	10	20	0	0	10	0	0	0	0	0	0	1	0	13	0	11	1	20	0	6	0	15	0	38	2	5	14	0	0	0	6	0	3	0	48	0	7	3	0	0	4	54	28	0	9	25	0	9	5	0	10	0	4	35	0	0	0	10	0	19	0	0	0	16	0	0	10	0	0	0	0	10
32	0	0	0	0	0	10	0	0	0	0	61	0	0	0	2	0	5	13	7	0	0	0	0	0	0	2	73	3	0	0	0	0	0	0	0	0	0	32	0	0	1	0	7	21	0	4	27	1	5	9	0	23	0	9	0	0	0	0	61	0	0	0	2	0	0	97	0	0	0	0	0	0	0
33	19	0	1	0	0	1	0	0	0	0	56	0	0	0	1	1	0	0	15	0	1	0	0	0	12	1	160	2	0	7	0	0	0	0	0	60	0	18	4	0	1	0	19	44	0	1	20	0	38	11	0	25	0	0	0	7	0	0	54	0	0	0	1	0	21	0	3	11	0	0	0	0	0
34	5	0	1	0	0	22	0	0	0	0	55	0	0	2	2	0	2	0	4	0	0	0	2	0	22	3	126	17	0	6	0	0	0	2	0	2	0	30	20	0	4	0	27	82	3	2	25	2	20	29	0	48	0	2	1	13	0	0	61	0	0	0	2	0	16	0	2	1	0	0	0	0	0
39	0	0	6	0	1	28	1	0	0	0	2	0	0	0	29	1	8	0	24	3	1	0	5	0	34	2	5	4	1	0	0	0	1	0	4	45	0	4	1	0	0	0	47	16	0	8	29	0	7	1	0	0	0	0	26	7	1	0	57	0	0	0	2	0	13	0	0	3	0	0	1	0	0
43	1	0	0	11	0	0	0	55	0	8	7	0	1	2	1	0	3	0	0	0	0	0	12	0	5	1	19	16	10	1	0	0	0	41	0	0	18	26	4	0	0	0	12	0	0	4	64	1	10	15	0	130	5	0	0	0	1	0	156	0	0	0	0	0	0	0	0	0	0	0	0	0	0
45	24	0	1	0	1	3	0	0	0	0	61	0	0	0	1	1	0	0	11	0	1	0	2	0	8	1	157	15	8	3	0	0	0	0	0	95	0	0	3	0	0	0	18	39	0	4	24	4	51	10	0	23	0	0	1	7	1	0	99	0	1	0	1	0	29	0	6	10	0	0	0	0	0
46	4	0	1	0	0	21	0	0	0	0	58	0	0	1	1	0	1	0	9	1	0	0	5	0	20	3	154	22	11	9	0	0	0	2	0	2	0	2	15	0	0	0	30	51	3	3	22	5	25	37	0	37	0	2	0	0	2	0	61	0	1	0	2	0	26	0	2	1	0	0	0	0	0
47	1	0	2	0	2	22	0	0	0	0	108	0	0	0	4	0	2	1	11	0	0	0	7	0	2	2	58	32	17	2	0	7	0	1	0	38	0	25	1	0	0	0	0	19	0	6	19	0	23	28	0	7	0	0	3	13	0	0	124	0	1	0	2	0	0	7	0	2	0	0	0	0	0
48	4	0	0	34	4	0	0	0	0	91	15	0	0	5	0	0	2	0	0	0	0	0	1	0	1	0	37	12	128	1	0	0	0	48	0	0	0	45	0	0	0	0	1	0	0	3	22	0	14	5	0	138	0	0	1	0	2	0	177	0	0	0	0	0	0	0	0	0	0	0	0	0	0
49	4	0	0	1	1	0	0	0	0	105	8	0	6	0	7	0	1	0	1	0	0	0	9	0	4	0	66	27	15	3	0	0	0	48	0	0	2	30	0	0	1	0	8	0	1	2	36	0	16	10	0	50	11	1	0	0	1	0	232	0	0	0	0	0	0	0	0	0	0	0	0	0	0
50	0	0	0	0	0	1	0	0	6	0	3	1	0	1	2	0	0	0	0	0	0	0	1	0	0	0	97	45	24	0	0	0	0	35	0	45	0	69	13	0	1	0	32	1	0	11	39	0	38	12	0	43	0	0	15	0	2	0	79	0	0	0	0	0	0	0	0	0	0	0	0	0	0
51	6	0	1	8	0	0	0	0	0	7	9	0	1	2	1	0	2	0	0	0	0	0	14	0	11	1	18	23	10	1	0	0	0	50	0	0	18	44	3	0	0	0	13	0	0	7	73	5	9	21	0	160	7	0	0	0	3	0	144	0	0	0	0	0	0	0	0	0	0	0	0	2	0
52	1	0	8	0	1	47	0	0	0	0	1	0	0	0	44	1	4	0	31	3	1	0	0	0	35	3	2	0	0	2	0	1	1	0	5	60	0	2	1	0	0	0	32	27	0	15	18	0	0	0	0	0	0	0	0	7	0	0	57	0	0	0	3	0	28	0	0	4	0	0	0	0	0
53	50	8	57	0	0	0	0	0	0	0	30	0	0	0	0	0	0	0	0	0	1	0	7	0	33	7	73	82	14	2	0	0	0	0	0	0	0	0	0	0	0	4	20	22	0	18	35	3	15	46	0	0	0	0	0	0	4	0	36	0	0	0	3	0	29	0	0	10	0	0	0	0	0
54	12	0	81	0	1	1	0	0	0	1	77	0	0	0	26	0	6	0	10	1	0	0	4	0	15	1	3	0	11	7	0	3	0	2	0	2	0	0	0	0	0	0	21	0	35	13	74	0	31	36	0	3	0	2	4	1	0	0	55	2	9	0	0	0	28	0	0	5	0	0	0	0	0
55	1	8	28	0	0	9	0	0	0	0	0	0	1	0	14	0	8	1	17	0	10	0	3	0	31	4	5	0	6	1	0	3	0	12	0	70	0	2	0	0	0	1	22	20	0	8	25	0	0	0	0	0	0	4	0	0	0	0	10	0	0	0	0	0	31	0	0	10	0	0	0	0	3
56	3	0	0	0	5	20	0	0	0	0	101	0	0	0	2	0	3	6	8	2	0	0	16	0	4	2	153	0	6	9	0	0	0	0	0	0	0	27	0	0	1	1	4	20	0	7	31	3	3	9	0	31	0	10	0	0	1	0	76	0	0	0	2	0	0	93	0	0	0	0	0	0	0
57	35	0	1	0	2	2	0	0	0	0	88	0	0	0	1	3	0	0	15	12	2	0	10	0	7	1	281	11	12	6	0	1	0	2	0	88	0	0	3	0	0	0	23	50	0	3	21	9	65	19	0	34	0	0	0	8	2	0	99	0	0	2	1	0	40	0	3	8	0	0	0	0	0
58	5	0	1	0	2	22	0	0	0	0	45	0	0	1	1	0	2	0	7	1	0	0	7	0	13	3	177	0	14	14	0	0	0	1	0	1	0	0	9	0	0	0	35	63	2	3	25	5	31	61	0	1	0	2	0	0	1	0	114	0	0	0	2	0	22	0	2	1	0	0	0	0	0
59	0	0	0	0	2	16	0	0	0	0	92	0	0	0	4	0	1	1	9	0	0	0	12	0	2	1	55	45	19	4	0	10	1	1	0	19	0	13	1	0	0	0	4	5	0	4	15	1	21	27	0	2	0	0	2	36	0	0	191	0	1	4	2	0	0	5	0	1	0	0	0	0	0
60	6	0	0	43	3	0	0	0	0	74	8	0	3	1	7	0	1	0	1	0	0	0	5	0	2	0	63	13	159	3	0	0	0	35	0	0	2	48	0	0	0	0	2	0	0	6	23	2	4	7	0	121	0	1	2	0	5	0	244	0	0	0	0	0	0	0	0	0	0	0	0	0	0
61	0	0	0	0	0	1	0	0	6	0	5	1	0	0	3	0	0	0	3	3	0	0	2	0	0	0	95	39	22	0	0	0	0	19	0	43	0	58	6	0	1	0	32	0	0	8	37	0	21	12	0	31	0	0	6	0	2	0	124	0	0	0	0	0	0	0	0	0	0	0	0	0	0
62	1	0	0	17	0	0	0	0	0	17	4	0	1	1	1	0	1	0	0	0	0	0	15	0	8	1	25	0	11	1	0	0	0	47	0	0	14	53	1	0	0	0	12	0	0	6	76	18	17	14	0	157	12	0	0	0	2	0	177	0	0	0	0	0	0	0	0	0	0	0	0	2	0
63	0	0	1	0	2	35	1	0	0	0	2	0	0	0	33	0	5	0	11	17	6	0	2	0	26	0	9	1	3	8	0	0	1	0	7	45	0	3	1	0	0	0	35	21	0	9	22	0	0	0	0	0	0	0	0	7	0	0	93	0	0	0	5	0	25	0	0	5	0	0	0	0	0
64	1	2	41	0	1	13	0	0	0	0	29	0	0	0	0	0	0	0	1	2	3	0	6	0	21	3	65	0	19	7	0	1	0	0	0	0	0	5	0	0	0	5	13	29	0	20	30	2	14	23	0	0	0	0	0	0	1	0	36	0	0	0	0	0	22	0	0	6	0	0	0	0	0
65	10	0	88	0	0	0	0	0	0	1	62	0	0	0	22	0	7	0	3	5	0	0	1	0	7	1	1	0	7	11	0	3	0	5	0	1	0	4	0	0	0	0	18	11	31	13	67	0	1	0	0	0	0	2	0	0	0	0	0	0	0	0	0	0	0	0	0	5	0	0	1	0	0
66	0	1	23	0	0	9	0	0	0	0	0	0	1	0	14	0	5	1	11	9	7	0	9	0	23	2	0	5	10	13	0	4	0	5	0	73	0	3	1	0	0	3	29	21	0	4	23	1	7	10	0	0	0	4	0	0	0	0	110	0	0	0	0	0	37	0	0	9	0	1	0	0	3
67	0	0	0	0	6	19	0	0	0	0	76	0	0	0	2	0	5	9	7	3	0	0	11	0	5	2	124	8	11	8	0	0	0	0	0	1	0	17	0	0	1	1	3	17	0	7	33	3	16	26	0	26	0	12	0	0	0	0	241	0	0	0	2	0	0	103	0	0	0	0	0	2	0
68	17	0	1	0	2	2	0	0	0	0	57	0	0	0	1	2	0	0	5	6	1	0	10	0	6	1	173	7	9	9	0	1	0	3	0	73	0	0	3	0	0	0	25	43	0	3	25	5	56	1	0	15	0	0	1	8	0	0	124	0	0	4	1	0	22	0	7	8	0	0	0	7	0
69	2	0	1	0	3	16	0	0	0	0	43	0	0	0	1	0	2	0	6	1	0	0	7	0	8	3	102	14	23	19	0	0	0	1	0	1	0	0	14	0	0	0	16	41	3	3	25	13	20	37	0	10	0	2	0	0	0	0	114	0	0	0	2	0	24	0	2	1	0	0	0	0	0
70	0	0	0	0	2	20	0	0	0	0	70	0	0	0	3	0	2	1	7	0	0	0	14	0	3	1	59	20	23	8	0	8	1	1	0	23	0	11	1	0	0	0	3	12	0	5	15	1	20	32	0	7	0	0	0	33	0	0	194	0	1	2	2	0	0	1	0	1	0	0	0	0	0
71	4	0	0	26	2	0	0	0	0	77	13	0	0	0	0	0	1	0	0	0	0	0	2	0	0	0	64	17	180	2	0	0	0	34	0	0	0	43	0	0	0	0	2	0	0	7	26	4	5	11	0	132	0	0	0	0	3	0	291	0	0	0	0	0	0	0	0	0	0	0	0	0	0
72	4	0	0	4	3	0	0	0	0	108	7	0	3	0	9	0	1	0	1	0	0	0	16	0	2	0	109	33	31	5	0	0	0	36	0	0	2	35	2	0	1	0	7	0	1	3	32	13	46	22	0	71	6	1	0	0	1	0	390	0	0	0	0	0	0	0	0	0	0	0	0	0	0
73	0	0	0	0	1	1	0	0	3	0	2	0	0	0	5	0	1	0	0	0	0	0	2	0	0	0	82	33	28	0	0	0	0	26	0	42	0	57	3	0	1	0	26	0	0	8	41	0	22	12	0	15	0	0	2	0	0	0	135	0	0	0	0	0	0	0	0	0	0	0	0	2	0
74	2	0	0	17	0	0	0	0	0	19	11	0	1	0	1	0	2	0	0	0	0	0	18	0	6	0	29	22	5	1	0	0	0	42	0	0	11	40	0	0	0	0	6	0	0	2	73	11	10	18	0	116	12	0	0	2	0	0	310	0	0	0	0	0	0	0	0	0	0	0	0	2	0
75	0	0	0	0	2	23	1	0	0	0	2	0	0	0	23	0	1	0	16	6	3	0	1	0	13	2	3	0	3	3	0	0	1	0	5	45	0	3	1	0	0	0	37	22	0	5	19	0	0	0	0	0	0	0	0	7	0	0	93	2	1	2	2	0	10	0	0	2	1	0	0	20	0
76	0	0	18	0	0	2	0	0	0	0	21	0	0	0	0	0	0	0	1	0	3	0	4	0	17	3	50	29	14	6	0	1	0	0	0	2	0	3	0	0	0	3	11	34	0	14	29	1	1	0	0	0	0	0	0	0	0	0	76	1	1	0	2	0	10	0	0	3	0	0	0	2	0
77	0	0	39	0	0	0	0	0	0	0	47	0	0	0	25	0	4	0	6	0	0	0	3	0	4	1	2	7	11	11	0	2	0	1	0	2	0	2	2	0	0	0	15	17	27	8	56	0	2	10	0	1	0	2	0	0	0	1	164	0	5	0	0	0	11	0	0	1	0	0	1	8	0
78	0	0	11	0	0	7	0	0	0	0	0	0	1	0	9	0	5	1	11	6	9	0	17	0	18	3	0	1	17	20	0	2	0	6	0	52	0	0	0	0	0	4	12	25	0	6	12	0	0	1	0	0	0	4	0	0	0	5	110	0	1	20	0	1	8	0	0	6	0	1	0	7	3
79	0	0	0	0	5	13	0	0	0	0	74	0	0	1	2	0	4	5	5	3	0	0	10	0	5	2	103	2	12	6	0	0	0	0	0	1	0	4	0	0	0	1	5	7	0	5	18	2	18	27	0	5	0	15	0	12	1	0	241	0	1	3	2	0	0	1	0	0	0	0	0	1	0
81	0	0	1	0	1	3	0	0	0	0	58	0	0	0	1	2	0	0	4	0	1	0	8	0	4	1	143	8	18	7	0	2	0	5	0	64	0	0	1	0	0	0	24	36	0	2	20	2	37	0	0	14	0	0	0	5	0	0	215	0	0	0	1	0	24	0	3	6	0	0	0	16	0
82	0	0	0	0	1	23	0	0	0	0	40	0	0	0	1	0	1	0	6	0	0	0	7	0	5	4	54	5	20	15	0	0	0	1	0	2	0	0	8	0	0	0	11	28	4	2	26	8	12	17	0	9	0	3	0	10	0	0	292	0	0	0	1	0	16	0	1	1	0	0	0	0	0
83	0	0	0	0	1	18	0	0	0	0	58	0	0	0	2	0	2	1	4	0	0	0	10	0	3	2	21	7	37	10	0	3	1	1	0	18	0	6	1	0	0	0	5	9	0	5	18	0	24	11	0	1	0	0	0	29	0	0	258	0	1	2	2	0	0	0	0	1	0	0	0	0	0
84	0	0	0	23	1	0	0	0	0	47	5	0	0	0	0	0	1	0	0	0	0	0	4	0	0	0	44	11	186	0	0	0	0	34	0	0	0	29	0	0	0	0	0	0	0	8	25	10	3	5	0	128	0	0	0	1	1	0	0	0	0	0	0	0	0	0	0	0	0	0	0	0	0
85	1	0	0	3	1	0	0	0	0	106	7	0	3	0	9	0	1	0	0	0	0	0	16	0	3	0	101	14	17	5	0	0	0	19	0	0	3	34	0	0	1	0	3	0	1	3	34	34	40	15	1	68	8	1	0	0	1	0	390	0	0	0	0	0	0	0	0	0	0	0	0	0	0
86	0	0	0	1	0	1	0	0	0	0	4	0	0	0	4	0	0	0	1	0	0	0	4	0	0	0	68	28	36	0	0	0	0	22	0	30	0	50	6	0	1	0	29	1	0	9	35	3	12	10	0	8	0	0	0	0	0	0	220	0	0	0	0	0	0	0	0	0	0	0	0	6	0
87	2	0	0	16	0	0	0	0	0	12	7	0	1	0	1	0	2	0	0	0	0	0	26	0	4	0	43	9	8	1	0	0	0	20	0	0	11	47	0	0	1	0	5	0	0	5	72	16	8	16	0	165	6	0	0	1	0	0	310	0	0	0	0	0	0	0	0	0	0	0	0	2	0
88	0	0	0	0	2	43	1	0	0	0	1	0	0	0	15	0	2	0	17	7	1	0	2	0	12	2	0	0	6	5	0	0	1	0	8	38	0	2	0	0	0	0	31	11	0	2	23	0	0	0	0	0	0	0	0	4	0	1	134	0	1	3	2	0	2	0	0	2	1	0	0	22	0
89	0	0	2	0	0	6	0	0	0	0	17	0	0	0	1	0	0	1	1	4	3	0	4	0	19	4	8	16	17	4	0	1	0	0	0	1	0	1	0	0	0	4	7	24	0	11	31	0	0	0	0	0	0	0	0	0	0	1	108	0	6	0	3	0	5	0	0	1	0	0	0	0	0
90	0	0	2	0	0	1	0	0	0	0	30	0	0	0	16	0	5	1	6	1	0	0	3	0	12	0	0	1	11	11	1	2	0	2	0	2	0	2	2	0	0	0	19	5	31	10	71	0	0	2	0	0	0	2	0	1	0	2	157	0	4	0	0	0	7	0	0	3	0	0	0	7	0
91	0	0	0	0	0	14	0	0	0	0	0	0	1	0	5	0	4	1	9	2	11	0	8	0	22	3	0	0	12	11	0	1	0	10	0	35	0	0	0	0	0	3	21	10	0	5	27	0	0	0	0	0	0	7	0	0	0	7	102	9	0	6	0	1	7	0	0	4	0	0	0	5	3
92	0	0	0	0	2	16	0	0	0	0	61	0	0	0	0	0	3	9	5	1	0	0	16	0	9	1	64	0	11	4	0	0	0	0	0	0	0	0	0	0	0	1	3	2	0	7	22	2	2	8	0	0	0	14	0	12	1	0	0	0	2	5	2	0	3	1	0	0	0	0	0	0	0
93	0	0	1	0	1	2	0	0	0	0	39	0	0	0	0	2	0	0	3	0	1	0	4	0	1	1	39	0	16	3	0	1	0	7	0	46	0	0	1	0	0	0	15	11	0	1	22	2	28	0	0	0	0	0	0	2	0	0	170	0	1	2	1	0	21	0	1	7	0	0	0	10	0
94	0	0	0	0	0	7	0	0	0	0	32	0	0	0	1	0	0	0	4	0	0	0	5	0	3	2	31	1	30	13	0	0	0	1	0	1	0	0	4	0	0	0	12	20	3	1	21	5	2	11	0	1	0	3	0	10	0	0	269	0	2	0	2	0	8	0	1	0	0	0	0	1	0
95	0	0	0	0	1	17	0	0	0	0	46	0	0	0	2	0	0	1	3	0	0	0	11	0	2	1	11	2	28	7	0	1	1	2	0	20	0	2	1	0	0	0	3	9	0	3	17	0	8	4	0	0	0	0	0	26	0	0	250	0	1	3	2	0	0	0	0	1	0	0	0	0	0
96	0	0	0	33	1	0	0	0	0	40	3	0	0	0	0	0	1	0	0	0	0	0	3	0	0	0	38	2	189	0	0	0	0	21	0	0	0	27	0	0	0	0	0	0	0	2	22	5	0	4	0	130	0	1	0	0	0	0	217	0	0	0	0	0	0	0	0	0	0	0	0	0	0
97	4	0	0	3	1	0	0	0	0	89	6	0	2	0	6	0	1	0	0	0	0	0	13	0	1	0	76	10	21	10	0	0	0	12	0	0	5	24	0	0	1	0	2	0	1	3	26	20	43	7	0	36	11	1	0	0	0	0	270	0	0	0	0	0	0	0	0	0	0	0	0	0	0
98	0	0	0	0	0	1	0	0	0	0	0	0	0	0	2	0	1	0	1	0	0	0	3	0	0	0	47	10	24	0	0	0	0	19	0	23	0	19	3	0	1	0	24	0	0	10	40	1	12	5	0	5	0	0	0	0	0	0	194	0	0	0	0	0	0	0	0	0	0	0	0	3	0
99	2	0	0	14	0	0	0	0	0	11	8	0	1	0	1	0	1	0	0	0	0	0	17	0	3	0	55	14	12	1	0	0	0	23	0	0	3	34	0	0	0	0	5	0	0	2	62	9	9	7	0	119	6	0	0	0	0	0	248	0	0	0	0	0	0	0	0	0	0	0	0	1	0
100	0	0	0	0	2	30	1	0	0	0	1	0	0	0	21	0	2	0	9	3	4	1	0	0	11	3	0	0	7	5	0	0	1	0	6	31	0	3	0	0	0	0	40	15	0	3	14	0	1	0	0	0	0	0	0	2	0	1	126	1	0	0	3	0	0	0	0	0	1	0	0	20	0
101	0	0	2	0	0	10	0	0	0	0	12	0	0	0	0	0	0	0	0	0	2	0	1	0	13	4	6	6	19	3	0	0	0	0	0	1	0	0	0	0	0	3	9	19	0	9	21	0	0	0	0	0	0	0	0	0	0	1	114	10	1	0	2	0	1	0	0	0	0	0	0	0	0
102	0	0	1	0	0	0	0	0	0	0	32	0	0	0	6	0	2	1	5	0	0	0	3	0	6	0	0	0	11	9	1	0	0	2	0	3	0	1	0	0	0	0	17	12	26	9	62	0	0	0	0	0	0	2	0	0	0	0	182	0	2	0	0	0	0	0	0	2	0	0	1	3	0
103	0	0	0	0	0	14	0	0	0	0	1	0	1	0	4	0	1	1	11	3	15	0	15	0	28	3	0	0	13	14	0	0	0	12	0	41	0	0	0	0	0	2	32	11	0	7	19	0	0	0	0	0	0	6	0	0	0	4	138	6	2	7	0	0	0	0	0	3	0	1	0	6	3
104	0	0	0	0	5	15	0	0	0	0	37	0	0	0	0	0	0	4	3	0	0	0	8	0	2	1	22	0	6	1	0	0	0	0	0	0	0	0	0	0	0	1	5	6	0	4	14	1	3	3	0	0	0	15	0	7	0	0	0	0	1	0	1	0	0	0	0	0	0	0	0	1	0
105	0	0	0	0	1	1	0	0	0	0	33	0	0	0	0	1	0	0	1	0	1	0	6	0	0	1	29	0	12	4	0	0	0	6	0	53	0	0	0	0	0	0	18	17	0	1	16	1	24	0	0	0	0	0	0	3	0	0	215	1	0	1	1	0	0	0	0	6	0	0	0	11	0
106	0	0	0	0	0	8	0	0	0	0	24	0	0	0	0	0	0	0	3	0	0	0	3	0	3	1	25	3	24	12	0	0	0	1	0	1	0	0	1	0	0	0	16	33	2	0	12	6	2	3	0	0	0	2	0	14	0	0	303	1	1	0	2	0	1	0	0	1	0	0	0	1	0
107	0	0	0	0	1	16	0	0	0	0	45	0	0	0	1	0	0	1	2	0	0	0	10	0	1	2	14	0	17	4	0	0	1	1	0	22	0	0	1	0	0	0	4	8	0	3	10	0	7	4	0	0	0	0	0	11	0	0	244	0	1	2	2	0	0	0	0	0	0	0	0	0	0
108	0	0	0	7	0	0	0	0	0	17	0	0	0	0	0	0	0	0	0	0	0	0	1	0	0	0	19	1	120	0	0	0	0	12	0	0	0	2	0	0	0	0	0	0	0	2	13	5	2	2	0	131	0	0	0	0	0	0	0	0	0	0	0	0	0	0	0	0	0	0	0	0	0
109	0	0	0	0	1	0	0	0	0	66	3	0	3	0	5	0	0	0	0	0	0	0	20	0	0	0	78	6	9	2	0	0	0	8	0	0	0	12	0	0	0	0	5	0	1	1	21	23	32	2	0	41	10	1	0	0	0	0	308	0	0	0	0	0	0	0	0	0	0	0	0	0	0
110	0	0	0	0	0	0	0	0	0	0	0	0	0	0	0	0	0	0	0	0	0	0	2	0	0	0	39	10	33	0	0	0	0	11	0	25	0	5	3	0	0	0	19	0	0	5	26	0	13	2	0	5	0	0	0	0	0	0	175	0	0	0	0	0	0	0	0	0	0	0	0	3	0
111	0	0	0	4	0	0	0	0	0	4	3	0	0	0	1	0	0	0	0	0	0	0	9	0	1	0	31	2	15	0	0	0	0	22	0	0	2	15	0	0	0	0	9	0	0	1	35	15	14	7	0	117	6	0	0	0	0	0	205	0	0	0	0	0	0	0	0	0	0	0	0	0	0
112	0	0	0	0	2	33	1	0	0	0	1	0	0	0	15	0	0	0	6	3	1	1	1	0	5	1	3	0	7	1	0	0	1	0	6	43	0	3	0	0	0	0	37	13	0	3	15	0	0	0	0	0	0	0	0	5	0	0	0	0	1	0	1	0	0	0	0	1	2	0	0	10	0
113	0	0	1	0	0	0	0	0	0	0	10	0	0	0	0	0	0	0	0	0	3	0	1	0	11	1	9	11	16	2	0	0	0	0	0	0	0	0	0	0	0	2	15	12	0	8	18	0	0	1	0	0	0	0	0	0	0	1	95	16	0	1	1	0	0	0	0	0	0	0	0	0	0
114	0	0	0	0	0	0	0	0	0	0	21	0	0	0	1	0	2	0	5	0	0	0	1	0	2	0	0	0	7	5	0	0	0	3	0	2	0	0	0	0	0	0	24	10	21	1	20	0	0	0	0	0	0	2	0	1	0	0	181	6	1	0	0	0	0	0	0	3	0	0	0	0	0
115	0	0	1	0	0	12	0	0	0	0	0	0	1	0	4	0	0	1	7	2	11	0	7	0	11	1	0	0	15	10	0	0	0	6	0	25	0	0	0	0	0	0	34	12	0	6	17	0	0	0	0	0	0	6	0	0	0	6	130	7	1	4	0	0	0	0	0	4	0	0	0	2	3
116	6	0	0	43	3	0	0	0	0	74	8	0	0	1	0	0	1	0	0	0	0	0	5	0	0	0	63	13	159	0	0	0	0	35	0	0	0	48	0	0	0	0	2	0	0	6	23	2	4	7	0	121	0	1	2	0	5	0	244	0	0	0	0	0	0	0	0	0	0	0	0	0	0
117	5	0	0	58	0	0	0	8	0	0	11	0	0	6	0	0	2	0	0	0	0	0	0	0	2	0	31	0	0	0	0	0	0	35	0	0	0	31	0	0	2	0	1	0	0	3	23	0	2	0	0	97	0	0	0	3	0	0	194	0	0	0	0	0	0	0	0	0	0	0	0	0	0
118	2	0	1	0	0	28	15	0	0	0	98	0	0	2	3	0	4	2	12	0	0	0	10	0	6	1	36	11	23	0	0	0	0	0	0	29	0	38	1	0	0	0	3	14	0	5	16	0	12	8	0	27	0	0	0	70	0	0	70	0	0	0	2	0	1	6	0	0	0	0	0	0	0
119	6	0	0	6	0	0	0	29	0	42	6	0	1	0	5	0	1	0	0	0	0	0	0	0	4	0	48	26	6	2	0	0	0	12	0	0	1	40	7	0	0	0	5	0	1	4	32	0	25	3	0	36	9	0	0	0	0	0	248	0	0	0	0	0	0	0	0	0	0	0	0	0	0
120	6	0	0	29	0	0	0	82	0	0	11	0	1	3	1	0	2	0	0	0	0	0	33	0	8	2	43	18	0	0	0	1	0	37	0	0	17	27	4	0	0	0	14	0	0	8	83	0	17	8	0	100	7	0	0	0	3	0	143	0	0	0	0	0	0	0	0	0	0	0	0	0	0
121	1	0	0	0	0	43	0	0	0	0	62	0	0	0	0	0	0	0	0	0	0	0	0	0	12	15	0	22	0	0	0	16	0	0	0	37	0	33	0	0	0	0	0	12	0	14	54	0	0	0	0	0	0	0	0	0	0	0	70	0	0	0	0	0	0	0	0	0	0	0	0	0	0
122	10	0	0	77	6	0	0	40	0	0	12	0	0	5	0	0	1	0	0	0	0	0	0	0	3	0	40	0	99	0	0	0	0	8	0	9	0	44	0	0	0	0	1	0	0	2	21	0	14	4	0	116	0	0	0	0	2	0	166	0	0	0	0	0	0	0	0	0	0	0	0	0	0
123	5	0	0	59	1	0	0	47	0	42	8	0	2	3	6	0	1	0	0	0	0	0	0	0	3	0	65	24	3	1	0	0	0	18	0	0	1	35	0	0	0	0	4	0	0	3	35	0	8	12	0	29	8	0	0	0	0	0	248	0	0	0	0	0	0	0	0	0	0	0	0	0	0
124	1	0	0	0	1	0	0	0	7	0	4	1	0	0	2	0	2	0	0	0	0	0	2	0	0	0	67	53	21	0	0	1	0	14	0	41	0	57	10	0	0	0	23	1	0	10	43	0	43	10	0	40	0	0	0	0	2	0	91	0	0	0	0	0	0	0	0	0	0	0	0	0	0
125	66	17	59	0	0	1	0	0	0	0	23	0	0	0	0	0	0	0	0	0	0	0	7	0	23	6	70	53	12	7	0	1	0	0	0	2	0	8	0	0	0	2	7	42	0	16	35	0	26	37	0	1	0	0	0	0	5	0	10	0	0	0	2	0	27	0	0	9	0	0	0	0	0
126	11	0	104	0	1	0	0	0	0	0	79	0	0	0	27	0	9	1	0	0	0	0	4	0	22	1	4	3	4	8	0	2	0	3	0	2	0	0	0	0	0	0	27	0	25	15	65	0	13	30	0	10	0	1	4	1	0	0	55	0	5	0	0	0	22	1	0	9	2	0	0	0	0
127	17	13	20	0	0	4	0	0	0	0	0	0	1	0	12	0	6	1	16	0	5	0	12	0	17	1	1	13	14	15	0	3	0	7	0	52	0	5	4	0	0	3	27	31	0	31	31	0	14	5	0	10	0	2	11	1	0	0	10	0	3	0	0	1	30	0	0	28	0	1	0	0	3
128	0	0	0	0	3	13	0	0	0	0	71	0	0	0	2	0	4	7	4	1	0	0	9	0	6	2	66	4	3	2	0	0	0	0	0	1	0	46	0	1	0	1	4	17	0	5	20	2	26	15	0	18	0	10	3	4	0	0	76	0	1	0	2	0	11	81	0	0	0	0	0	0	0
129	14	0	0	1	0	0	0	4	11	0	2	1	0	1	2	0	0	0	0	0	0	0	0	0	0	1	66	37	16	0	0	1	0	16	0	43	0	50	11	0	0	0	32	1	0	10	40	0	55	5	0	25	0	0	0	0	0	0	73	0	3	0	0	0	0	0	0	0	0	0	0	0	0
																																																																																									
																																																																																																
																																																																																																
																																																																																																
																																																																																																
																																																																																																
																																																																																																
